# Created by Octave 3.8.0, Sat Apr 16 10:40:47 2016 SGT <macbook@Xiaochens-MacBook-Air.local>
# name: R
# type: matrix
# rows: 1
# columns: 3000
 5.960323041702763 12.41640561378812 4.195435026728513 7.010837417818729 10.99284032412039 13.31840641254499 13.93759197308874 7.416798904406386 10.59845166982002 9.178772837006695 10.5032401055723 15.70123928185598 10.55957852507239 6.297393956466394 9.826447361310413 10.51112923204953 9.700081441124425 14.38972912932816 10.27308840986628 7.94549006074298 11.62733440149914 9.546366439452781 6.770408748693644 9.354983040876954 11.3834603952103 10.0990622196945 10.43946943733861 9.034679316368734 7.202173115496189 10.58559928511008 9.628544531389538 10.80781689434486 14.53348664866116 11.76414881374103 16.28696532203007 9.315628819873634 15.09160082151903 11.17491155548394 12.63992902158083 11.09929015462382 10.2019800030031 9.143209856265461 11.85502777427037 7.47552915241134 15.83530428996038 15.54185783912799 11.67969353909635 13.73427964455719 10.81016530254182 12.1384336899929 15.21550514109109 12.68357834549335 16.39854763661762 14.61670983164358 5.49708084495261 10.192614860174 1.55046780944882 2.636065174054491 15.50023137140066 10.78646616710592 9.529035694148048 4.460114909927725 11.03583590848774 20.27600357232533 10.75831321942041 11.2493237547537 13.00480782882037 8.200165532753941 8.812681048542125 6.611519587446377 9.015557630631996 9.20410425302159 6.933349512437776 13.89003367370028 10.87851252409352 15.57737438743563 13.00681933861537 15.65482210106926 9.989138746256049 9.341479776671843 9.123566847115395 9.122430035877738 8.949681446733496 9.790382864970104 7.08830764125489 6.605164391831823 10.70867944113423 8.374435301645274 17.13032843750807 9.607867099208878 12.1517996832674 10.50802381872705 7.966369284148829 12.62276849483143 5.237253273140801 9.085814884662648 17.24434116491965 13.4873048294031 9.158977802757972 11.37143157892916 12.11764581138489 12.19308200722279 10.49023167208847 10.66543683257484 8.362708974382933 9.060983701707936 12.32189448483998 11.42886600110358 5.991870554950575 7.045131400717516 8.100346175422185 10.98637766749432 10.32766760715124 8.758577708883639 9.397159622528678 11.85009671362871 8.069036971643545 9.814748499207038 10.0522527540829 13.72563606089871 7.482016124065298 8.465888593618789 12.42807189648895 8.887647836270547 13.66803829204178 10.24432070592714 15.38134062990222 11.03371328926923 11.45977625749934 11.00204349679428 9.754905828210758 6.597398771107462 12.31802347247782 10.18318909629213 10.23287223717017 11.32452253562399 14.35830527404108 8.772299634698278 14.05254702060651 11.90639521729918 13.36227699573505 9.635472208600614 12.45299053255645 8.656302588074293 7.578156211271255 3.295970146419336 12.97806323265703 11.67829541758539 11.77481659291963 11.30598295457295 15.79433028694991 8.406653175969872 8.911934746897611 13.42450664428879 9.887580970320649 11.07258948609446 18.19075730497024 13.92345051386465 12.21585152026167 13.44980626472697 8.572324172120609 6.861004262991403 8.209272525850949 12.34507843547739 13.54532558322915 9.824481410358745 11.17691924966117 8.813332673031486 9.994659581040642 12.98815886677127 7.926901552809249 11.11757067590563 16.14084519077026 14.93122838206961 15.84309667926489 9.103014700783739 8.872680750224003 16.72033454411739 12.60878170742071 11.74730248090873 6.835689408024475 13.07909526510972 13.18479669824279 12.76497851010352 4.889555727876616 13.5766566961391 9.808480074928456 12.48192663499905 7.707151875601724 12.51251572569487 6.150714578115164 6.884545891664413 4.609006975600593 12.20082401680007 12.41214929396651 12.86520385287857 12.68413479764559 16.25350935989399 8.592585697691591 9.094738332615263 12.07129537884983 6.91830522058266 15.19230215740477 14.2691518216231 10.69814633118636 13.75663260637521 11.04772116253306 9.64127088431022 10.59850806848045 7.67757346196556 10.37500158414175 10.45233642158551 9.271081211942084 10.39220088676096 8.895070313455731 12.6696625473641 6.77111249274709 12.87617945932441 2.652325502995212 12.23900696796133 11.77865157106181 12.85061912054811 7.763020199534612 12.81878852426347 11.32357932938067 10.4840239392442 12.9860193217339 9.686570933838926 10.46471966781333 8.693105933299375 7.863708320356013 10.21996733821551 8.371276130847976 9.391632097981475 11.04393121975571 8.977976296202867 9.299607133285422 13.35879823133072 11.91963699806501 8.749943653474935 8.428267165028274 11.58541781561307 12.65554436166058 9.167430570937544 10.13316047195869 11.11722546443863 11.9393854320558 9.66726319594496 10.08345274914334 6.339897154442685 9.916195590045318 14.20258803434903 7.129618818570299 14.89756051757985 15.49434860803866 9.408551733638305 12.70932291140426 9.352268486321034 11.20265624635245 15.39288476220207 13.00198055883655 15.63856055435416 9.49344762618842 8.938495592433995 14.59605510132314 12.61954186185851 16.13265821047166 13.95447959181752 13.62963704821652 12.65533519941084 10.361747602968 9.930234685590179 15.76132810443655 12.40341674915478 11.25223444189352 9.457742541420169 11.17732071115643 6.575940108948402 14.91398237787559 12.65518483555892 13.02531880362899 14.31837561133737 8.380551322699851 9.842717924532842 9.584995300269155 10.43706854950426 12.92579634569128 12.11809941957797 14.26207360902843 12.52440387228324 11.04763613678072 8.403364211985171 12.76389610601023 7.149758061037732 7.058063062788477 15.04588034504917 9.274294376555556 8.857713081891569 14.27556961614853 14.65192175372215 10.10477593053323 8.430547528094181 12.12375032751068 11.96092455066292 5.377221376296821 3.491968841816514 14.56712463995367 11.64484658599804 11.23541215895798 4.360435502481003 12.63686055313336 10.00763388904735 13.72125831837743 12.57946813540275 7.822256551132284 10.34169677672137 15.41634721475082 7.703168808029877 10.4279164578171 14.16641438818129 9.249974188376484 11.83327677273999 7.92047688659202 8.675011934064365 10.39670494769857 12.42746648675902 12.30524639717472 12.82060102421488 10.68963805591932 13.81785312780661 12.35063138629677 10.17239095265024 11.00506317170408 11.84134182263256 10.81369670093614 14.72220151549342 14.73366035735079 9.876493563764583 10.0195988816555 13.98513196750461 9.408485028506064 12.57253766844757 11.48992589275709 11.12707163728823 11.59964993132071 9.107023832519227 11.97892000149324 11.8921959555362 11.2422901797684 6.327569182081989 9.295214809208147 11.98495469543465 13.88989360462438 10.76110730994851 8.472485611688782 6.676903619534667 13.65728673836627 13.19114917780345 8.474552108841573 12.57706445800132 14.32175171094501 8.77459232050418 7.804531199799547 11.21591064732063 8.954191463996551 8.47816859731261 8.900282826009512 13.01214577495337 10.30069240901979 13.03511355319518 10.48924870937337 9.665358697740029 7.276105986530247 9.654871627433574 8.818379532332155 10.41294979691432 9.61733897910795 8.614762753876583 12.29395183994143 11.22495210812702 11.55479279260765 9.658392304084284 11.45515819357339 11.36249175451319 11.37103640708988 15.56841688764174 6.490220222822976 12.87625461293149 11.22078133939203 6.843497606932479 10.13159790893291 10.80098646779372 10.99664862342853 16.13586754965943 13.91542143381925 15.35423521690957 9.589185055854978 9.237342956821887 6.695596692643108 8.567272224015756 9.923128958595516 13.20061710272659 8.004213301410655 6.386025398523522 16.9624928160762 15.7859707500472 6.478008841195812 8.539064802872549 13.45654952235011 11.29967656359924 14.98796453321075 18.78950460316087 8.752319082084801 13.55285216568512 7.768114678075063 11.41289139877216 8.606914919936864 10.74247021269508 11.98957320640431 10.10024493690892 8.302646980382621 5.064123371722529 7.910009086771751 8.044475215277362 11.94070570882557 8.190069400696384 9.907487297657436 8.125690213246223 12.98641507412549 13.66965662894456 5.765451194600004 16.25751178153064 14.75251719208039 12.95929892653545 5.758722361022196 9.370473604603294 7.022646310099459 15.45864532499052 